1 1
2 1
3 1
4 1
5 1
6 1
7 1
8 1
9 1
10 1
11 1
12 1
13 1
14 1
15 1
16 1
17 1
18 1
19 1
20 1
21 1
22 1
23 1
24 1
25 1
26 1
27 1
28 1
29 1
30 1
31 1
32 1
33 1
34 1
35 1
36 1
37 1
38 1
39 1
40 1
41 1
42 1
43 1
44 1
45 1
46 1
47 1
48 1
49 1
50 1
51 1
52 1
53 1
54 1
55 1
56 1
57 1
58 1
59 1
60 1
61 1
62 1
63 1
64 1
65 1
66 1
67 1
68 1
69 1
70 1
71 1
72 1
73 1
74 1
75 1
76 1
77 1
78 1
79 1
80 1
81 1
82 1
83 1
84 1
85 1
86 1
87 1
88 1
89 1
90 1
91 1
92 1
93 1
94 1
95 1
96 1
97 1
98 1
99 1
100 1
101 1
102 1
103 1
104 1
105 1
106 1
107 1
108 1
109 1
110 1
111 1
112 1
113 1
114 1
115 1
116 1
117 1
118 1
119 1
120 1
121 1
122 1
123 1
124 1
125 1
126 1
127 1
128 1
129 1
130 1
131 1
132 1
133 1
134 1
135 1
136 1
137 1
138 1
139 1
140 1
141 1
142 1
143 1
144 1
145 1
146 1
147 1
148 1
149 1
150 1
151 1
152 1
153 1
154 1
155 1
156 1
157 1
158 1
159 1
160 1
161 1
162 1
163 1
164 1
165 1
166 1
167 1
168 1
169 1
170 1
171 1
172 1
173 1
174 1
175 1
176 1
177 1
178 1
179 1
180 1
181 1
182 1
183 1
184 1
185 1
186 1
187 1
188 1
189 1
190 1
191 1
192 1
193 1
194 1
195 1
196 1
197 1
198 1
199 1
200 1
201 1
202 1
203 1
204 1
205 1
206 1
207 1
208 1
209 1
210 1
211 1
212 1
213 1
214 1
215 1
216 1
217 1
218 1
219 1
220 1
221 1
222 1
223 1
224 1
225 1
226 1
227 1
228 1
229 1
230 1
231 1
232 1
233 1
234 1
235 1
236 1
237 1
238 1
239 1
240 1
241 1
242 1
243 1
244 1
245 1
246 1
247 1
248 1
249 1
250 1
251 1
252 1
253 1
254 1
255 1
256 1
257 1
258 1
259 1
260 1
261 1
262 1
263 1
264 1
265 1
266 1
267 1
268 1
269 1
270 1
271 1
272 1
273 1
274 1
275 1
276 1
277 1
278 1
279 1
280 1
281 1
282 1
283 1
284 1
285 1
286 1
287 1
288 1
289 1
290 1
291 1
292 1
293 1
294 1
295 1
296 1
297 1
298 1
299 1
300 1
301 1
302 1
303 1
304 1
305 1
306 1
307 1
308 1
309 1
310 1
311 1
312 1
313 1
314 1
315 1
316 1
317 1
318 1
319 1
320 1
321 1
322 1
323 1
324 1
325 1
326 1
327 1
328 1
329 1
330 1
331 1
332 1
333 1
334 1
335 1
336 1
337 1
338 1
339 1
340 1
341 1
342 1
343 1
344 1
345 1
346 1
347 1
348 1
349 1
350 1
351 1
352 1
353 1
354 1
355 1
356 1
357 1
358 1
359 1
360 1
361 1
362 1
363 1
364 1
365 1
366 1
367 1
368 1
369 1
370 1
371 1
372 1
373 1
374 1
375 1
376 1
377 1
378 1
379 1
380 1
381 1
382 1
383 1
384 1
385 1
386 1
387 1
388 1
389 1
390 1
391 1
392 1
393 1
394 1
395 1
396 1
397 1
398 1
399 1
400 1
401 1
402 1
403 1
404 1
405 1
406 1
407 1
408 1
409 1
410 1
411 1
412 1
413 1
414 1
415 1
416 1
417 1
418 1
419 1
420 1
421 1
422 1
423 1
424 1
425 1
426 1
427 1
428 1
429 1
430 1
431 1
432 1
433 1
434 1
435 1
436 1
437 1
438 1
439 1
440 1
441 1
442 1
443 1
444 1
445 1
446 1
447 1
448 1
449 1
450 1
451 1
452 1
453 1
454 1
455 1
456 1
457 1
458 1
459 1
460 1
461 1
462 1
463 1
464 1
465 1
466 1
467 1
468 1
469 1
470 1
471 1
472 1
473 1
474 1
475 1
476 1
477 1
478 1
479 1
480 1
481 1
482 1
483 1
484 1
485 1
486 1
487 1
488 1
489 1
490 1
491 1
492 1
493 1
494 1
495 1
496 1
497 1
498 1
499 1
500 1
501 1
502 1
503 1
504 1
505 1
506 1
507 1
508 1
509 1
510 1
511 1
512 1
513 1
514 1
515 1
516 1
517 1
518 1
519 1
520 1
521 1
522 1
523 1
524 1
525 1
526 1
527 1
528 1
529 1
530 1
531 1
532 1
533 1
534 1
535 1
536 1
537 1
538 1
539 1
540 1
541 1
542 1
543 1
544 1
545 1
546 1
547 1
548 1
549 1
550 1
551 1
552 1
553 1
554 1
555 1
556 1
557 1
558 1
559 1
560 1
561 1
562 1
563 1
564 1
565 1
566 1
567 1
568 1
569 1
570 1
571 1
572 1
573 1
574 1
575 1
576 1
577 1
578 1
579 1
580 1
581 1
582 1
583 1
584 1
585 1
586 1
587 1
588 1
589 1
590 1
591 1
592 1
593 1
594 1
595 1
596 1
597 1
598 1
599 1
600 1
601 1
602 1
603 1
604 1
605 1
606 1
607 1
608 1
609 1
610 1
611 1
612 1
613 1
614 1
615 1
616 1
617 1
618 1
619 1
620 1
621 1
622 1
623 1
624 1
625 1
626 1
627 1
628 1
629 1
630 1
631 1
632 1
633 1
634 1
635 1
636 1
637 1
638 1
639 1
640 1
641 1
642 1
643 1
644 1
645 1
646 1
647 1
648 1
649 1
650 1
651 1
652 1
653 1
654 1
655 1
656 1
657 1
658 1
659 1
660 1
661 1
662 1
663 1
664 1
665 1
666 1
667 1
668 1
669 1
670 1
671 1
672 1
673 1
674 1
675 1
676 1
677 1
678 1
679 1
680 1
681 1
682 1
683 1
684 1
685 1
686 1
687 1
688 1
689 1
690 1
691 1
692 1
693 1
694 1
695 1
696 1
697 1
698 1
699 1
700 1
701 1
702 1
703 1
704 1
705 1
706 1
707 1
708 1
709 1
710 1
711 1
712 1
713 1
714 1
715 1
716 1
717 1
718 1
719 1
720 1
721 1
722 1
723 1
724 1
725 1
726 1
727 1
728 1
729 1
730 1
731 1
732 1
733 1
734 1
735 1
736 1
737 1
738 1
739 1
740 1
741 1
742 1
743 1
744 1
745 1
746 1
747 1
748 1
749 1
750 1
751 1
752 1
753 1
754 1
755 1
756 1
757 1
758 1
759 1
760 1
761 1
762 1
763 1
764 1
765 1
766 1
767 1
768 1
769 1
770 1
771 1
772 1
773 1
774 1
775 1
776 1
777 1
778 1
779 1
780 1
781 1
782 1
783 1
784 1
785 1
786 1
787 1
788 1
789 1
790 1
791 1
792 1
793 1
794 1
795 1
796 1
797 1
798 1
799 1
800 1
801 1
802 1
803 1
804 1
805 1
806 1
807 1
808 1
809 1
810 1
811 1
812 1
813 1
814 1
815 1
816 1
817 1
818 1
819 1
820 1
821 1
822 1
823 1
824 1
825 1
826 1
827 1
828 1
829 1
830 1
831 1
832 1
833 1
834 1
835 1
836 1
837 1
838 1
839 1
840 1
841 1
842 1
843 1
844 1
845 1
846 1
847 1
848 1
849 1
850 1
851 1
852 1
853 1
854 1
855 1
856 1
857 1
858 1
859 1
860 1
861 1
862 1
863 1
864 1
865 1
866 1
867 1
868 1
869 1
870 1
871 1
872 1
873 1
874 2
875 2
876 2
877 2
878 2
879 2
880 2
881 2
882 2
883 2
884 2
885 2
886 2
887 2
888 2
889 2
890 2
891 2
892 2
893 2
894 3
895 3
896 3
897 3
898 3
899 3
900 3
901 3
902 3
903 3
904 3
905 3
906 3
907 3
908 3
909 3
910 3
911 3
912 3
913 3
914 3
915 3
916 3
917 3
918 3
919 3
920 3
921 3
922 3
923 3
924 3
925 3
926 3
927 3
928 3
929 3
930 3
931 3
932 3
933 3
934 3
935 3
936 3
937 3
938 3
939 3
940 3
941 3
942 3
943 3
944 3
945 3
946 3
947 3
948 3
949 3
950 3
951 3
952 3
953 3
954 3
955 3
956 3
957 3
958 3
959 3
960 4
961 4
962 4
963 4
964 4
965 4
966 4
967 4
968 4
969 4
970 4
971 4
972 4
973 4
974 4
975 4
976 4
977 4
978 4
979 4
980 4
981 4
982 4
983 4
984 4
985 4
986 4
987 4
988 4
989 4
990 4
991 4
992 4
993 4
994 4
995 4
996 4
997 4
998 4
999 4
1000 4
1001 4
1002 4
1003 4
1004 4
1005 4
1006 4
1007 4
1008 4
1009 4
1010 4
1011 4
1012 4
1013 4
1014 4
1015 5
1016 5
1017 5
1018 5
1019 5
1020 5
1021 5
1022 5
1023 5
1024 5
1025 6
1026 6
1027 6
1028 6
1029 6
1030 6
1031 6
1032 6
1033 6
1034 6
1035 7
1036 7
1037 7
1038 7
1039 7
1040 7
1041 7
1042 7
1043 7
1044 7
1045 7
1046 7
1047 7
1048 7
1049 7
1050 7
1051 7
1052 7
1053 7
1054 7
1055 7
1056 7
1057 7
1058 7
1059 7
1060 7
1061 7
1062 7
1063 7
1064 7
1065 7
1066 7
1067 7
1068 7
1069 7
1070 7
1071 7
1072 7
1073 7
1074 7
1075 7
1076 7
1077 7
1078 7
1079 7
1080 7
1081 7
1082 7
1083 7
1084 7
1085 7
1086 7
1087 7
1088 7
1089 7
1090 7
1091 7
1092 7
1093 7
1094 7
1095 7
1096 7
1097 7
1098 7
1099 7
1100 7
1101 7
1102 7
1103 7
1104 7
1105 7
1106 7
1107 7
1108 7
1109 7
1110 7
1111 7
1112 7
1113 7
1114 7
1115 7
1116 7
1117 7
1118 7
1119 7
1120 7
1121 7
1122 7
1123 7
1124 7
1125 7
1126 7
1127 7
1128 7
1129 7
1130 7
1131 7
1132 7
1133 7
1134 7
1135 7
1136 7
1137 7
1138 8
1139 8
1140 8
1141 8
1142 8
1143 8
1144 8
1145 8
1146 8
1147 8
1148 8
1149 8
1150 8
1151 8
1152 8
1153 8
1154 8
1155 8
1156 8
1157 8
1158 8
1159 8
1160 8
1161 8
1162 8
1163 8
1164 8
1165 8
1166 8
1167 8
1168 8
1169 8
1170 8
1171 8
1172 8
1173 8
1174 8
1175 8
1176 8
1177 8
1178 8
1179 8
1180 8
1181 8
1182 8
1183 8
1184 8
1185 8
1186 8
1187 8
1188 8
1189 8
1190 8
1191 8
1192 8
1193 8
1194 8
1195 8
1196 8
1197 8
1198 8
1199 8
1200 8
1201 8
1202 8
1203 8
1204 8
1205 8
1206 8
1207 8
1208 8
1209 8
1210 8
1211 8
1212 8
1213 8
1214 8
1215 8
1216 8
1217 8
1218 8
1219 8
1220 8
1221 8
1222 8
1223 8
1224 8
1225 8
1226 8
1227 8
1228 8
1229 8
1230 8
1231 8
1232 8
1233 8
1234 8
1235 8
1236 8
1237 8
1238 8
1239 8
1240 8
1241 8
1242 8
1243 8
1244 8
1245 8
1246 8
1247 8
1248 8
1249 8
1250 8
1251 8
1252 8
1253 8
1254 8
1255 8
1256 8
1257 8
1258 8
1259 8
1260 8
1261 8
1262 8
1263 8
1264 8
1265 8
1266 8
1267 8
1268 8
1269 8
1270 8
1271 8
1272 8
1273 8
1274 8
1275 8
1276 8
1277 8
1278 8
1279 8
1280 8
1281 8
1282 8
1283 8
1284 8
1285 8
1286 8
1287 8
1288 8
1289 8
1290 8
1291 8
1292 8
1293 8
1294 8
1295 8
1296 8
1297 8
1298 8
1299 8
1300 8
1301 8
1302 8
1303 8
1304 8
1305 8
1306 8
1307 8
1308 8
1309 8
1310 8
1311 8
1312 8
1313 8
1314 8
1315 8
1316 8
1317 8
1318 8
1319 8
1320 8
1321 8
1322 8
1323 8
1324 8
1325 8
1326 8
1327 8
1328 8
1329 8
1330 8
1331 8
1332 8
1333 8
1334 8
1335 8
1336 8
1337 8
1338 8
1339 8
1340 8
1341 8
1342 8
1343 8
1344 8
1345 8
1346 8
1347 8
1348 8
1349 8
1350 8
1351 8
1352 8
1353 8
1354 8
1355 8
1356 8
1357 8
1358 8
1359 8
1360 8
1361 8
1362 8
1363 8
1364 8
1365 8
1366 8
1367 8
1368 8
1369 8
1370 8
1371 8
1372 8
1373 8
1374 8
1375 8
1376 8
1377 8
1378 8
1379 8
1380 8
1381 8
1382 8
1383 8
1384 8
1385 8
1386 8
1387 8
1388 8
1389 8
1390 8
1391 8
1392 8
1393 8
1394 8
1395 8
1396 8
1397 8
1398 8
1399 8
1400 8
1401 8
1402 8
1403 8
1404 8
1405 8
1406 8
1407 8
1408 8
1409 8
1410 8
1411 8
1412 8
1413 8
1414 8
1415 8
1416 8
1417 8
1418 8
1419 8
1420 8
1421 8
1422 9
1423 9
1424 9
1425 9
1426 9
1427 9
1428 9
1429 9
1430 9
1431 9
1432 9
1433 9
1434 9
1435 9
1436 9
1437 9
1438 9
1439 9
1440 9
1441 9
1442 9
1443 9
1444 9
1445 9
1446 9
1447 9
1448 9
1449 9
1450 9
1451 9
1452 9
1453 9
1454 9
1455 9
1456 9
1457 9
1458 9
1459 9
1460 9
1461 9
1462 9
1463 9
1464 9
1465 9
1466 9
1467 9
1468 9
1469 9
1470 9
1471 9
1472 9
1473 9
1474 9
1475 9
1476 9
1477 9
1478 9
1479 9
1480 9
1481 9
1482 9
1483 9
1484 9
1485 9
1486 9
1487 9
1488 9
1489 9
1490 9
1491 9
1492 9
1493 9
1494 9
1495 9
1496 9
1497 9
1498 9
1499 9
1500 9
1501 9
1502 9
1503 9
1504 9
1505 9
1506 9
1507 9
1508 9
1509 9
1510 9
1511 9
1512 9
1513 9
1514 9
1515 9
1516 9
1517 9
1518 9
1519 9
1520 9
1521 9
1522 9
1523 9
1524 9
1525 9
1526 9
1527 9
1528 9
1529 9
1530 9
1531 9
1532 9
1533 9
1534 9
1535 9
1536 9
1537 9
1538 9
1539 9
1540 9
1541 9
1542 9
1543 9
1544 9
1545 9
1546 9
1547 9
1548 9
1549 9
1550 9
1551 9
1552 9
1553 9
1554 9
1555 9
1556 9
1557 9
1558 9
1559 9
1560 9
1561 9
1562 9
1563 9
1564 9
1565 9
1566 9
1567 9
1568 9
1569 9
1570 9
1571 9
1572 9
1573 9
1574 9
1575 9
1576 9
1577 9
1578 9
1579 9
1580 9
1581 9
1582 9
1583 9
1584 9
1585 9
1586 9
1587 9
1588 9
1589 9
1590 9
1591 9
1592 9
1593 9
1594 9
1595 9
1596 9
1597 9
1598 9
1599 9
1600 9
1601 9
1602 9
1603 9
1604 9
1605 9
1606 9
1607 9
1608 9
1609 9
1610 9
1611 9
1612 9
1613 9
1614 9
1615 9
1616 9
1617 9
1618 9
1619 9
1620 9
1621 9
1622 9
1623 9
1624 9
1625 9
1626 9
1627 9
1628 9
1629 9
1630 9
1631 9
1632 9
1633 9
1634 9
1635 9
1636 9
1637 9
1638 9
1639 9
1640 9
1641 9
1642 9
1643 9
1644 9
1645 9
1646 9
1647 9
1648 9
1649 9
1650 9
1651 9
1652 9
1653 9
1654 9
1655 9
1656 9
1657 9
1658 9
1659 9
1660 9
1661 9
1662 9
1663 9
1664 9
1665 9
1666 9
1667 9
1668 9
1669 9
1670 9
1671 9
1672 9
1673 9
1674 9
1675 9
1676 9
1677 9
1678 9
1679 9
1680 9
1681 9
1682 9
1683 9
1684 9
1685 9
1686 9
1687 9
1688 9
1689 9
1690 9
1691 9
1692 9
1693 9
1694 9
1695 9
1696 9
1697 9
1698 9
1699 9
1700 9
1701 9
1702 9
1703 9
1704 9
1705 9
1706 9
1707 9
1708 9
1709 9
1710 9
1711 9
1712 9
1713 9
1714 9
1715 9
1716 9
1717 9
1718 9
1719 9
1720 9
1721 9
1722 9
1723 9
1724 9
1725 9
1726 9
1727 9
1728 9
1729 9
1730 9
1731 9
1732 9
1733 9
1734 9
1735 9
1736 9
1737 9
1738 9
1739 9
1740 9
1741 9
1742 9
1743 9
1744 9
1745 9
1746 9
1747 9
1748 9
1749 9
1750 9
1751 9
1752 9
1753 9
1754 9
1755 9
1756 9
1757 9
1758 9
1759 9
1760 9
1761 9
1762 9
1763 9
1764 9
1765 9
1766 9
1767 9
1768 9
1769 9
1770 9
1771 9
1772 9
1773 9
1774 9
1775 9
1776 9
1777 9
1778 9
1779 9
1780 9
1781 9
1782 9
1783 9
1784 9
1785 9
1786 9
1787 9
1788 9
1789 9
1790 9
1791 9
1792 9
1793 9
1794 9
1795 9
1796 9
1797 9
1798 9
1799 9
1800 9
1801 9
1802 9
1803 9
1804 9
1805 9
1806 9
1807 9
1808 9
1809 9
1810 9
1811 9
1812 9
1813 9
1814 9
1815 9
1816 9
1817 9
1818 9
1819 9
1820 9
1821 9
1822 9
1823 9
1824 9
1825 9
1826 9
1827 9
1828 9
1829 9
1830 9
1831 9
1832 9
1833 9
1834 9
1835 9
1836 9
1837 9
1838 9
1839 9
1840 9
1841 9
1842 9
1843 9
1844 9
1845 9
1846 9
1847 9
1848 9
1849 9
1850 9
1851 9
1852 9
1853 9
1854 9
1855 9
1856 9
1857 9
1858 9
1859 9
1860 9
1861 9
1862 9
1863 9
1864 9
1865 9
1866 9
1867 9
1868 9
1869 9
1870 9
1871 9
1872 9
1873 9
1874 9
1875 9
1876 9
1877 9
1878 9
1879 9
1880 9
1881 9
1882 9
1883 9
1884 9
1885 9
1886 9
1887 9
1888 9
1889 9
1890 9
1891 9
1892 9
1893 9
1894 9
1895 9
1896 9
1897 9
1898 9
1899 9
1900 9
1901 9
1902 9
1903 9
1904 9
1905 9
1906 9
1907 9
1908 9
1909 9
1910 9
1911 9
1912 9
1913 9
1914 9
1915 9
1916 9
1917 9
1918 9
1919 9
1920 9
1921 9
1922 9
1923 9
1924 9
1925 9
1926 9
1927 9
1928 9
1929 9
1930 9
1931 9
1932 9
1933 9
1934 9
1935 9
1936 9
1937 9
1938 9
1939 9
1940 9
1941 9
1942 9
1943 9
1944 9
1945 9
1946 9
1947 9
1948 9
1949 9
1950 9
1951 9
1952 9
1953 9
1954 9
1955 9
1956 9
1957 9
1958 9
1959 9
1960 9
1961 9
1962 9
1963 9
1964 9
1965 9
1966 9
1967 9
1968 9
1969 9
1970 9
1971 9
1972 9
1973 9
1974 9
1975 9
1976 9
1977 9
1978 9
1979 9
1980 9
1981 9
1982 9
1983 9
1984 9
1985 9
1986 9
1987 9
1988 9
1989 9
1990 9
1991 9
1992 9
1993 9
1994 9
1995 9
1996 9
1997 9
1998 9
1999 9
2000 9
2001 9
2002 9
2003 9
2004 9
2005 9
2006 9
2007 9
2008 9
2009 9
2010 9
2011 9
2012 9
2013 9
2014 9
2015 9
2016 9
2017 9
2018 9
2019 9
2020 9
2021 9
2022 9
2023 9
2024 9
2025 9
2026 9
2027 9
2028 9
2029 9
2030 9
2031 9
2032 9
2033 9
2034 9
2035 9
2036 9
2037 9
2038 9
2039 9
2040 9
2041 9
2042 9
2043 9
2044 9
2045 9
2046 9
2047 9
2048 9
2049 9
2050 9
2051 9
2052 9
2053 9
2054 9
2055 9
2056 9
2057 9
2058 9
2059 9
2060 9
2061 9
2062 9
2063 9
2064 9
2065 9
2066 9
2067 9
2068 9
2069 9
2070 9
2071 9
2072 9
2073 9
2074 9
2075 9
2076 9
2077 9
2078 9
2079 9
2080 9
2081 9
2082 9
2083 9
2084 9
2085 9
2086 9
2087 9
2088 9
2089 9
2090 9
2091 9
2092 9
2093 9
2094 9
2095 9
2096 9
2097 9
2098 9
2099 9
2100 9
2101 9
2102 9
2103 9
2104 9
2105 9
2106 9
2107 9
2108 9
2109 9
2110 9
2111 9
2112 9
2113 9
2114 9
2115 9
2116 9
2117 9
2118 9
2119 9
2120 9
2121 9
2122 9
2123 9
2124 9
2125 9
2126 9
2127 9
2128 9
2129 9
2130 9
2131 9
2132 9
2133 9
2134 9
2135 9
2136 9
2137 9
2138 9
2139 9
2140 9
2141 9
2142 9
2143 9
2144 9
2145 9
2146 9
2147 9
2148 9
2149 9
2150 9
2151 9
2152 9
2153 9
2154 9
2155 9
2156 9
2157 9
2158 9
2159 9
2160 9
2161 9
2162 9
2163 9
2164 9
2165 9
2166 9
2167 9
2168 9
2169 9
2170 9
2171 9
2172 9
2173 9
2174 9
2175 9
2176 9
2177 9
2178 9
2179 9
2180 9
2181 9
2182 9
2183 9
2184 9
2185 9
2186 9
2187 9
2188 9
2189 9
2190 9
2191 9
2192 9
2193 9
2194 9
2195 9
2196 9
2197 9
2198 9
2199 9
2200 9
2201 9
2202 9
2203 9
2204 9
2205 9
2206 9
2207 9
2208 9
2209 9
2210 9
2211 9
2212 9
2213 9
2214 9
2215 9
2216 9
2217 9
2218 9
2219 9
2220 9
2221 9
2222 9
2223 9
2224 9
2225 9
2226 9
2227 9
2228 9
2229 9
2230 9
2231 9
2232 9
2233 9
2234 9
2235 9
2236 9
2237 9
2238 9
2239 9
2240 9
2241 9
2242 9
2243 9
2244 9
2245 9
2246 9
2247 9
2248 9
2249 9
2250 9
2251 9
2252 9
2253 9
2254 9
2255 9
2256 9
2257 9
2258 9
2259 9
2260 9
2261 9
2262 9
2263 9
2264 9
2265 9
2266 9
2267 9
2268 9
2269 9
2270 9
2271 9
2272 9
2273 9
2274 9
2275 9
2276 9
2277 9
2278 9
2279 9
2280 9
2281 9
2282 9
2283 9
2284 9
2285 9
2286 9
2287 9
2288 9
2289 9
2290 9
2291 9
2292 9
2293 9
2294 9
2295 9
2296 9
2297 9
2298 9
2299 9
2300 9
2301 9
2302 9
2303 9
2304 9
2305 9
2306 9
2307 9
2308 9
2309 9
2310 9
2311 9
2312 9
2313 9
2314 9
2315 9
2316 9
2317 9
2318 9
2319 9
2320 9
2321 9
2322 9
2323 9
2324 9
2325 9
2326 9
2327 9
2328 9
2329 9
2330 9
2331 9
2332 9
2333 9
2334 9
2335 9
2336 9
2337 9
2338 9
2339 9
2340 9
2341 9
2342 9
2343 9
2344 9
2345 9
2346 9
2347 9
2348 9
2349 9
2350 9
2351 9
2352 9
2353 9
2354 9
2355 9
2356 9
2357 9
2358 9
2359 9
2360 9
2361 9
2362 9
2363 9
2364 9
2365 9
2366 9
2367 9
2368 9
2369 9
2370 9
2371 9
2372 9
2373 9
2374 9
2375 9
2376 9
2377 9
2378 9
2379 9
2380 9
2381 9
2382 9
2383 9
2384 9
2385 9
2386 9
2387 9
2388 9
2389 9
2390 9
2391 9
2392 9
2393 9
2394 9
2395 9
2396 9
2397 9
2398 9
2399 9
2400 9
2401 9
2402 9
2403 9
2404 9
2405 9
2406 9
2407 9
2408 9
2409 9
2410 9
2411 9
2412 9
2413 9
2414 9
2415 9
2416 9
2417 9
2418 9
2419 9
2420 9
2421 9
2422 9
2423 9
2424 9
2425 9
2426 9
2427 9
2428 9
2429 9
2430 9
2431 9
2432 9
2433 9
2434 9
2435 9
2436 9
2437 9
2438 9
2439 9
2440 9
2441 9
2442 9
2443 9
2444 9
2445 9
2446 9
2447 9
2448 9
2449 9
2450 9
2451 9
2452 9
2453 9
2454 9
2455 9
2456 9
2457 9
2458 9
2459 9
2460 9
2461 9
2462 9
2463 9
2464 9
2465 9
2466 9
2467 9
2468 9
2469 9
2470 9
2471 9
2472 9
2473 9
2474 9
2475 9
2476 9
2477 9
2478 9
2479 9
2480 9
2481 9
2482 9
2483 9
2484 9
2485 9
2486 9
2487 9
2488 9
2489 9
2490 9
2491 9
2492 9
2493 9
2494 9
2495 9
2496 9
2497 9
2498 9
2499 9
2500 9
2501 9
2502 9
2503 9
2504 9
2505 9
2506 9
2507 9
2508 9
2509 9
2510 9
2511 9
2512 9
2513 9
2514 9
2515 9
2516 9
2517 9
2518 9
2519 9
2520 9
2521 9
2522 9
2523 9
2524 9
2525 9
2526 9
2527 9
2528 9
2529 9
2530 9
2531 9
2532 9
2533 9
2534 9
2535 9
2536 9
2537 9
2538 9
2539 9
2540 9
2541 9
2542 9
2543 9
2544 9
2545 9
2546 9
2547 9
2548 9
2549 9
2550 9
2551 9
2552 9
2553 9
2554 9
2555 9
2556 9
2557 9
2558 9
2559 9
2560 9
2561 9
2562 9
2563 9
2564 9
2565 9
2566 9
2567 9
2568 9
2569 9
2570 9
2571 9
2572 9
2573 9
2574 9
2575 9
2576 9
2577 9
2578 9
2579 9
2580 9
2581 9
2582 9
2583 9
2584 9
2585 9
2586 9
2587 9
2588 9
2589 9
2590 9
2591 9
2592 9
2593 9
2594 9
2595 9
2596 9
2597 9
2598 9
2599 9
2600 9
2601 9
2602 9
2603 9
2604 9
2605 9
2606 9
2607 9
2608 9
2609 9
2610 9
2611 9
2612 9
2613 9
2614 9
2615 9
2616 9
2617 9
2618 9
2619 9
2620 9
2621 9
2622 9
2623 9
2624 9
2625 9
2626 9
2627 9
2628 9
2629 9
2630 9
2631 9
2632 9
2633 9
2634 9
2635 9
2636 9
2637 9
2638 9
2639 9
2640 9
2641 9
2642 9
2643 9
2644 9
2645 9
2646 9
2647 9
2648 9
2649 9
2650 9
2651 9
2652 9
2653 9
2654 9
2655 9
2656 9
2657 9
2658 9
2659 9
2660 9
2661 9
2662 9
2663 9
2664 9
2665 9
2666 9
2667 9
2668 9
2669 9
2670 9
2671 9
2672 9
2673 9
2674 9
2675 9
2676 9
2677 9
2678 9
2679 9
2680 9
2681 9
2682 9
2683 9
2684 9
2685 9
2686 9
2687 9
2688 9
2689 9
2690 9
2691 9
2692 9
2693 9
2694 9
2695 9
2696 9
2697 9
2698 9
2699 9
2700 9
2701 9
2702 9
2703 9
2704 9
2705 9
2706 9
2707 9
2708 9
2709 9
2710 9
2711 9
2712 9
2713 9
2714 9
2715 9
2716 9
2717 9
2718 9
2719 9
2720 9
2721 9
2722 9
2723 9
2724 9
2725 9
2726 9
2727 9
2728 9
2729 9
2730 9
2731 9
2732 9
2733 9
2734 9
2735 9
2736 9
2737 9
2738 9
2739 9
2740 9
2741 9
2742 9
2743 9
2744 9
2745 9
2746 9
2747 9
2748 9
2749 9
2750 9
2751 9
2752 9
2753 9
2754 9
2755 9
2756 9
2757 9
2758 9
2759 9
2760 9
2761 9
2762 9
2763 9
2764 9
2765 9
2766 9
2767 9
2768 9
2769 9
2770 9
2771 9
2772 9
2773 9
2774 9
2775 9
2776 9
2777 9
2778 9
2779 9
2780 9
2781 9
2782 9
2783 9
2784 9
2785 9
2786 9
2787 9
2788 9
2789 9
2790 9
2791 9
2792 9
2793 9
2794 9
2795 9
2796 9
2797 9
2798 9
2799 9
2800 9
2801 9
2802 9
2803 9
2804 9
2805 9
2806 9
2807 9
2808 9
2809 9
2810 9
2811 9
2812 9
2813 9
2814 9
2815 9
2816 9
2817 9
2818 9
2819 9
2820 9
2821 9
2822 9
2823 9
2824 9
2825 9
2826 9
2827 9
2828 9
2829 9
2830 9
2831 9
2832 9
2833 9
2834 9
2835 9
2836 9
2837 9
2838 9
2839 9
2840 9
2841 9
2842 9
2843 9
2844 9
2845 9
2846 9
2847 9
2848 9
2849 9
2850 9
2851 9
2852 9
2853 9
2854 9
2855 9
2856 9
2857 9
2858 9
2859 9
2860 9
2861 9
2862 9
2863 9
2864 9
2865 9
2866 9
2867 9
2868 9
2869 9
2870 9
2871 9
2872 9
2873 9
2874 9
2875 9
2876 9
2877 9
2878 9
2879 9
2880 9
2881 9
2882 9
2883 9
2884 9
2885 9
2886 9
2887 9
2888 9
2889 9
2890 9
2891 9
2892 9
2893 9
2894 9
2895 9
2896 9
2897 9
2898 9
2899 9
2900 9
2901 9
2902 9
2903 9
2904 9
2905 9
2906 9
2907 9
2908 9
2909 9
2910 9
2911 9
2912 9
2913 9
2914 9
2915 9
2916 9
2917 9
2918 9
2919 9
2920 9
2921 9
2922 9
2923 9
2924 9
2925 9
2926 9
2927 9
2928 9
2929 9
2930 9
2931 9
2932 9
2933 9
2934 9
2935 9
2936 9
2937 9
2938 9
2939 9
2940 9
2941 9
2942 9
2943 9
2944 9
2945 9
2946 9
2947 9
2948 9
2949 9
2950 9
2951 9
2952 9
2953 9
2954 9
2955 9
2956 9
2957 9
2958 9
2959 9
2960 9
2961 9
2962 9
2963 9
2964 9
2965 9
2966 9
2967 9
2968 9
2969 9
2970 9
2971 9
2972 9
2973 9
2974 9
2975 9
2976 9
2977 9
2978 9
2979 9
2980 9
2981 9
2982 9
2983 9
2984 9
2985 9
2986 9
2987 9
2988 9
2989 9
2990 9
2991 9
2992 9
2993 9
2994 9
2995 9
2996 9
2997 9
2998 9
2999 9
3000 9
3001 9
3002 9
3003 9
3004 9
3005 9
3006 9
3007 9
3008 9
3009 9
3010 9
3011 9
3012 9
3013 9
3014 9
3015 9
3016 9
3017 9
3018 9
3019 9
3020 9
3021 9
3022 9
3023 9
3024 9
3025 9
3026 9
3027 9
3028 9
3029 9
3030 9
3031 9
3032 9
3033 9
3034 9
3035 9
3036 9
3037 9
3038 9
3039 9
3040 9
3041 9
3042 9
3043 9
3044 9
3045 9
3046 9
3047 9
3048 9
3049 9
3050 9
3051 9
3052 9
3053 9
3054 9
3055 9
3056 9
3057 9
3058 9
3059 9
3060 9
3061 9
3062 9
3063 9
3064 9
3065 9
3066 9
3067 9
3068 9
3069 9
3070 9
3071 9
3072 9
3073 9
3074 9
3075 9
3076 9
3077 9
3078 9
3079 9
3080 9
3081 9
3082 9
3083 9
3084 9
3085 9
3086 9
3087 9
3088 9
3089 9
3090 9
3091 9
3092 9
3093 9
3094 9
3095 9
3096 9
3097 9
3098 9
3099 9
3100 9
3101 9
3102 9
3103 9
3104 9
3105 9
3106 9
3107 9
3108 9
3109 9
3110 9
3111 9
3112 9
3113 9
3114 9
3115 9
3116 9
3117 9
3118 9
3119 9
3120 9
3121 9
3122 9
3123 9
3124 9
3125 9
3126 9
3127 9
3128 9
3129 9
3130 9
3131 9
3132 9
3133 9
3134 9
3135 9
3136 9
3137 9
3138 9
3139 9
3140 9
3141 9
3142 9
3143 9
3144 9
3145 9
3146 9
3147 9
3148 9
3149 9
3150 9
3151 9
3152 9
3153 9
3154 9
3155 9
3156 9
3157 9
3158 9
3159 9
3160 9
3161 9
3162 9
3163 9
3164 9
3165 9
3166 9
3167 9
3168 9
3169 9
3170 9
3171 9
3172 9
3173 9
3174 9
3175 9
3176 9
3177 9
3178 9
3179 9
3180 9
3181 9
3182 9
3183 9
3184 9
3185 9
3186 9
3187 9
3188 9
3189 9
3190 9
3191 9
3192 9
3193 9
3194 9
3195 9
3196 9
3197 9
3198 9
3199 9
3200 9
3201 9
3202 9
3203 9
3204 9
3205 9
3206 9
3207 9
3208 9
3209 9
3210 9
3211 9
3212 9
3213 9
3214 9
3215 9
3216 9
3217 9
3218 9
3219 9
3220 9
3221 9
3222 9
3223 9
3224 9
3225 9
3226 9
3227 9
3228 9
3229 9
3230 9
3231 9
3232 9
3233 9
3234 9
3235 9
3236 9
3237 9
3238 9
3239 9
3240 9
3241 9
3242 9
3243 9
3244 9
3245 9
3246 9
3247 9
3248 9
3249 9
3250 9
3251 9
3252 9
3253 9
3254 9
3255 9
3256 9
3257 9
3258 9
3259 9
3260 9
3261 9
3262 9
3263 9
3264 9
3265 9
3266 9
3267 9
3268 9
3269 9
3270 9
3271 9
3272 9
3273 9
3274 9
3275 9
3276 9
3277 9
3278 9
3279 9
3280 9
3281 9
3282 9
3283 9
3284 9
3285 9
3286 9
3287 9
3288 9
3289 9
3290 9
3291 9
3292 9
3293 9
3294 9
3295 9
3296 9
3297 9
3298 9
3299 9
3300 9
3301 9
3302 9
3303 9
3304 9
3305 9
3306 9
3307 9
3308 9
3309 9
3310 9
3311 9
3312 9
3313 9
3314 9
3315 9
3316 9
3317 9
3318 9
3319 9
3320 9
3321 9
3322 9
3323 9
3324 9
3325 9
3326 9
3327 9
3328 9
3329 9
3330 9
3331 9
3332 9
3333 9
3334 9
3335 9
3336 9
3337 9
3338 9
3339 9
3340 9
3341 9
3342 9
3343 9
3344 9
3345 9
3346 9
3347 9
3348 9
3349 9
3350 9
3351 9
3352 9
3353 9
3354 9
3355 9
3356 9
3357 9
3358 9
3359 9
3360 9
3361 9
3362 9
3363 9
3364 9
3365 9
3366 9
3367 9
3368 9
3369 9
3370 9
3371 9
3372 9
3373 9
3374 9
3375 9
3376 9
3377 9
3378 9
3379 9
3380 9
3381 9
3382 9
3383 9
3384 9
3385 9
3386 9
3387 9
3388 9
3389 9
3390 9
3391 9
3392 9
3393 9
3394 9
3395 9
3396 9
3397 9
3398 9
3399 9
3400 9
3401 9
3402 9
3403 9
3404 9
3405 9
3406 9
3407 9
3408 9
3409 9
3410 9
3411 9
3412 9
3413 9
3414 9
3415 9
3416 9
3417 9
3418 9
3419 9
3420 9
3421 9
3422 9
3423 9
3424 9
3425 9
3426 9
3427 9
3428 9
3429 9
3430 9
3431 9
3432 9
3433 9
3434 9
3435 9
3436 9
3437 9
3438 9
3439 9
3440 9
3441 9
3442 9
3443 9
3444 9
3445 9
3446 9
3447 9
3448 9
3449 9
3450 9
3451 9
3452 9
3453 9
3454 9
3455 9
3456 9
3457 9
3458 9
3459 9
3460 9
3461 9
3462 9
3463 9
3464 9
3465 9
3466 9
3467 9
3468 9
3469 9
3470 9
3471 9
3472 9
3473 9
3474 9
3475 9
3476 9
3477 9
3478 9
3479 9
3480 9
3481 9
3482 9
3483 9
3484 9
3485 9
3486 9
3487 9
3488 9
3489 9
3490 9
3491 9
3492 9
3493 9
3494 9
3495 9
3496 9
3497 9
3498 9
3499 9
3500 9
3501 9
3502 9
3503 9
3504 9
3505 9
3506 9
3507 9
3508 9
3509 9
3510 9
3511 9
3512 9
3513 9
3514 9
3515 9
3516 9
3517 9
3518 9
3519 9
3520 9
3521 9
3522 9
3523 9
3524 9
3525 9
3526 9
3527 9
3528 9
3529 9
3530 9
3531 9
3532 9
3533 9
3534 9
3535 9
3536 9
3537 9
3538 9
3539 9
3540 9
3541 9
3542 9
3543 9
3544 9
3545 9
3546 9
3547 9
3548 9
3549 9
3550 9
3551 9
3552 9
3553 9
3554 9
3555 9
3556 9
3557 9
3558 9
3559 9
3560 9
3561 9
3562 9
3563 9
3564 9
3565 9
3566 9
3567 9
3568 9
3569 9
3570 9
3571 9
3572 9
3573 9
3574 9
3575 9
3576 9
3577 9
3578 9
3579 9
3580 9
3581 9
3582 9
3583 9
3584 9
3585 9
3586 9
3587 9
3588 9
3589 9
3590 9
3591 9
3592 9
3593 9
3594 9
3595 9
3596 9
3597 9
3598 9
3599 9
3600 9
3601 9
3602 9
3603 9
3604 9
3605 9
3606 9
3607 9
3608 9
3609 9
3610 9
3611 9
3612 9
3613 9
3614 9
3615 9
3616 9
3617 9
3618 9
3619 9
3620 9
3621 9
3622 9
3623 9
3624 9
3625 9
3626 9
3627 9
3628 9
3629 9
3630 9
3631 9
3632 9
3633 9
3634 9
3635 9
3636 9
3637 9
3638 9
3639 9
3640 9
3641 9
3642 9
3643 9
3644 9
3645 9
3646 9
3647 9
3648 9
3649 9
3650 9
3651 9
3652 9
3653 9
3654 9
3655 9
3656 9
3657 9
3658 9
3659 9
3660 9
3661 9
3662 9
3663 9
3664 9
3665 9
3666 9
3667 9
3668 9
3669 9
3670 9
3671 9
3672 9
3673 9
3674 9
3675 9
3676 9
3677 9
3678 9
3679 9
3680 9
3681 9
3682 9
3683 9
3684 9
3685 9
3686 9
3687 9
3688 9
3689 9
3690 9
3691 9
3692 9
3693 9
3694 9
3695 9
3696 9
3697 9
3698 9
3699 9
3700 9
3701 9
3702 9
3703 9
3704 9
3705 9
3706 9
3707 9
3708 9
3709 9
3710 9
3711 9
3712 9
3713 9
3714 9
3715 9
3716 9
3717 9
3718 9
3719 9
3720 9
3721 9
3722 9
3723 9
3724 9
3725 9
3726 9
3727 9
3728 9
3729 9
3730 9
3731 9
3732 9
3733 9
3734 9
3735 9
3736 9
3737 9
3738 9
3739 9
3740 9
3741 9
3742 9
3743 9
3744 9
3745 9
3746 9
3747 9
3748 9
3749 9
3750 9
3751 9
3752 9
3753 9
3754 9
3755 9
3756 9
3757 9
3758 9
3759 9
3760 9
3761 9
3762 9
3763 9
3764 9
3765 9
3766 9
3767 9
3768 9
3769 9
3770 9
3771 9
3772 9
3773 9
3774 9
3775 9
3776 9
3777 9
3778 9
3779 9
3780 9
3781 9
3782 9
3783 9
3784 9
3785 9
3786 9
3787 9
3788 9
3789 9
3790 9
3791 9
3792 9
3793 9
3794 9
3795 9
3796 9
3797 9
3798 9
3799 9
3800 9
3801 9
3802 9
3803 9
3804 9
3805 9
3806 9
3807 9
3808 9
3809 9
3810 9
3811 9
3812 9
3813 9
3814 9
3815 9
3816 9
3817 9
3818 9
3819 9
3820 9
3821 9
3822 9
3823 9
3824 9
3825 9
3826 9
3827 9
3828 9
3829 9
3830 9
3831 9
3832 9
3833 9
3834 9
3835 9
3836 9
3837 9
3838 9
3839 9
3840 9
3841 9
3842 9
3843 9
3844 9
3845 9
3846 9
3847 9
3848 9
3849 9
3850 9
3851 9
3852 9
3853 9
3854 9
3855 9
3856 9
3857 9
3858 9
3859 9
3860 9
3861 9
3862 9
3863 9
3864 9
3865 9
3866 9
3867 9
3868 9
3869 9
3870 9
3871 9
3872 9
3873 9
3874 9
3875 9
3876 9
3877 9
3878 9
3879 9
3880 9
3881 9
3882 9
3883 9
3884 9
3885 9
3886 9
3887 9
3888 9
3889 9
3890 9
3891 9
3892 9
3893 9
3894 9
3895 9
3896 9
3897 9
3898 9
3899 9
3900 9
3901 9
3902 9
3903 9
3904 9
3905 9
3906 9
3907 9
3908 9
3909 9
3910 9
3911 9
3912 9
3913 9
3914 9
3915 9
3916 9
3917 9
3918 9
3919 9
3920 9
3921 9
3922 9
3923 9
3924 9
3925 9
3926 9
3927 9
3928 9
3929 9
3930 9
3931 9
3932 9
3933 9
3934 9
3935 9
3936 9
3937 9
3938 9
3939 9
3940 9
3941 9
3942 9
3943 9
3944 9
3945 9
3946 9
3947 9
3948 9
3949 9
3950 9
3951 9
3952 9
3953 9
3954 9
3955 9
3956 9
3957 9
3958 9
3959 9
3960 9
3961 9
3962 9
3963 9
3964 9
3965 9
3966 9
3967 9
3968 9
3969 9
3970 9
3971 9
3972 9
3973 9
3974 9
3975 9
3976 9
3977 9
3978 9
3979 9
3980 9
3981 9
3982 9
3983 9
3984 9
3985 9
3986 9
3987 9
3988 9
3989 9
3990 9
3991 9
3992 9
3993 9
3994 9
3995 9
3996 9
3997 9
3998 9
3999 9
4000 9
4001 9
4002 9
4003 9
4004 9
4005 9
4006 9
4007 9
4008 9
4009 9
4010 9
4011 9
4012 9
4013 9
4014 9
4015 9
4016 9
4017 9
4018 9
4019 9
4020 9
4021 9
4022 9
4023 9
4024 9
4025 9
4026 9
4027 9
4028 9
4029 9
4030 9
4031 9
4032 9
4033 9
4034 9
4035 9
4036 9
4037 9
4038 9
4039 9
4040 9
4041 9
4042 9
4043 9
4044 9
4045 9
4046 9
4047 9
4048 9
4049 9
4050 9
4051 9
4052 9
4053 9
4054 9
4055 9
4056 9
4057 9
4058 9
4059 9
4060 9
4061 9
4062 9
4063 9
4064 9
4065 9
4066 9
4067 9
4068 9
4069 9
4070 9
4071 9
4072 9
4073 9
4074 9
4075 9
4076 9
4077 9
4078 9
4079 9
4080 9
4081 9
4082 9
4083 9
4084 9
4085 9
4086 9
4087 9
4088 9
4089 9
4090 9
4091 9
4092 9
4093 9
4094 9
4095 9
4096 9
4097 9
4098 9
4099 9
4100 9
4101 9
4102 9
4103 9
4104 9
4105 9
4106 9
4107 9
4108 9
4109 9
4110 9
4111 9
4112 9
4113 9
4114 9
4115 9
4116 9
4117 9
4118 9
4119 9
4120 9
4121 9
4122 9
4123 9
4124 9
4125 9
4126 9
4127 9
4128 9
4129 9
4130 9
4131 9
4132 9
4133 9
4134 9
4135 9
4136 9
4137 9
4138 9
4139 9
4140 9
4141 9
4142 9
4143 9
4144 9
4145 9
4146 9
4147 9
4148 9
4149 9
4150 9
4151 9
4152 9
4153 9
4154 9
4155 9
4156 9
4157 9
4158 9
4159 9
4160 9
4161 9
4162 9
4163 9
4164 9
4165 9
4166 9
4167 9
4168 9
4169 9
4170 9
4171 9
4172 9
4173 9
4174 9
4175 9
4176 9
4177 9
4178 9
4179 9
4180 9
4181 9
4182 9
4183 9
4184 9
4185 9
4186 9
4187 9
4188 9
4189 9
4190 9
4191 9
4192 9
4193 9
4194 9
4195 9
4196 9
4197 9
4198 9
4199 9
4200 9
4201 9
4202 9
4203 9
4204 9
4205 9
4206 9
4207 9
4208 9
4209 9
4210 9
4211 9
4212 9
4213 9
4214 9
4215 9
4216 9
4217 9
4218 9
4219 9
4220 9
4221 9
4222 9
4223 9
4224 9
4225 9
4226 9
4227 9
4228 9
4229 9
4230 9
4231 9
4232 9
4233 9
4234 9
4235 9
4236 9
4237 9
4238 9
4239 9
4240 9
4241 9
4242 9
4243 9
4244 9
4245 9
4246 9
4247 9
4248 9
4249 9
4250 9
4251 9
4252 9
4253 9
4254 9
4255 9
4256 9
4257 9
4258 9
4259 9
4260 9
4261 9
4262 9
4263 9
4264 9
4265 9
4266 9
4267 9
4268 9
4269 9
4270 9
4271 9
4272 9
4273 9
4274 9
4275 9
4276 9
4277 9
4278 9
4279 9
4280 9
4281 9
4282 9
4283 9
4284 9
4285 9
4286 9
4287 9
4288 9
4289 9
4290 9
4291 9
4292 9
4293 9
4294 9
4295 9
4296 9
4297 9
4298 9
4299 9
4300 9
4301 9
4302 9
4303 9
4304 9
4305 9
4306 9
4307 9
4308 9
4309 9
4310 9
4311 9
4312 9
4313 9
4314 9
4315 9
4316 9
4317 9
4318 9
4319 9
4320 9
4321 9
4322 9
4323 9
4324 9
4325 9
4326 9
4327 9
4328 9
4329 9
4330 9
4331 9
4332 9
4333 9
4334 9
4335 9
4336 9
4337 9
4338 9
4339 9
4340 9
4341 9
4342 9
4343 9
4344 9
4345 9
4346 9
4347 9
4348 9
4349 9
4350 9
4351 9
4352 9
4353 9
4354 9
4355 9
4356 9
4357 9
4358 9
4359 9
4360 9
4361 9
4362 9
4363 9
4364 9
4365 9
4366 9
4367 9
4368 9
4369 9
4370 9
4371 9
4372 9
4373 9
4374 9
4375 9
4376 9
4377 9
4378 9
4379 9
4380 9
4381 9
4382 9
4383 9
4384 9
4385 9
4386 9
4387 9
4388 9
4389 9
4390 9
4391 9
4392 9
4393 9
4394 9
4395 9
4396 9
4397 9
4398 9
4399 9
4400 9
4401 9
4402 9
4403 9
4404 9
4405 9
4406 9
4407 9
4408 9
4409 9
4410 9
4411 9
4412 9
4413 9
4414 9
4415 9
4416 9
4417 9
4418 9
4419 9
4420 9
4421 9
4422 9
4423 9
4424 9
4425 9
4426 9
4427 9
4428 9
4429 9
4430 9
4431 9
4432 9
4433 9
4434 9
4435 9
4436 9
4437 9
4438 9
4439 9
4440 9
4441 9
4442 9
4443 9
4444 9
4445 9
4446 9
4447 9
4448 9
4449 9
4450 9
4451 9
4452 9
4453 9
4454 9
4455 9
4456 9
4457 9
4458 9
4459 9
4460 9
4461 9
4462 9
4463 9
4464 9
4465 9
4466 9
4467 9
4468 9
4469 9
4470 9
4471 9
4472 9
4473 9
4474 9
4475 9
4476 9
4477 9
4478 9
4479 9
4480 9
4481 9
4482 9
4483 9
4484 9
4485 9
4486 9
4487 9
4488 9
4489 9
4490 9
4491 9
4492 9
4493 9
4494 9
4495 9
4496 9
4497 9
4498 9
4499 9
4500 9
4501 9
4502 9
4503 9
4504 9
4505 9
4506 9
4507 9
4508 9
4509 9
4510 9
4511 9
4512 9
4513 9
4514 9
4515 9
4516 9
4517 9
4518 9
4519 9
4520 9
4521 9
4522 9
4523 9
4524 9
4525 9
4526 9
4527 9
4528 9
4529 9
4530 9
4531 9
4532 9
4533 9
4534 9
4535 9
4536 9
4537 9
4538 9
4539 9
4540 9
4541 9
4542 9
4543 9
4544 9
4545 9
4546 9
4547 9
4548 9
4549 9
4550 9
4551 9
4552 9
4553 9
4554 9
4555 9
4556 9
4557 9
4558 9
4559 9
4560 9
4561 9
4562 9
4563 9
4564 9
4565 9
4566 9
4567 9
4568 9
4569 9
4570 9
4571 9
4572 9
4573 9
4574 9
4575 9
4576 9
4577 9
4578 9
4579 9
4580 9
4581 9
4582 9
4583 9
4584 9
4585 9
4586 9
4587 9
4588 9
4589 9
4590 9
4591 9
4592 9
4593 9
4594 9
4595 9
4596 9
4597 9
4598 9
4599 9
4600 9
4601 9
4602 9
4603 9
4604 9
4605 9
4606 9
4607 9
4608 9
4609 9
4610 9
4611 9
4612 9
4613 9
4614 9
4615 9
4616 9
4617 9
4618 9
4619 9
4620 9
4621 9
4622 9
4623 9
4624 9
4625 9
4626 9
4627 9
4628 9
4629 9
4630 9
4631 9
4632 9
4633 9
4634 9
4635 9
4636 9
4637 9
4638 9
4639 9
4640 9
4641 9
4642 9
4643 9
4644 9
4645 9
4646 9
4647 9
4648 9
4649 9
4650 9
4651 9
4652 9
4653 9
4654 9
4655 9
4656 9
4657 9
4658 9
4659 9
4660 9
4661 9
4662 9
4663 9
4664 9
4665 9
4666 9
4667 9
4668 9
4669 9
4670 9
4671 9
4672 9
4673 9
4674 9
4675 9
4676 9
4677 9
4678 9
4679 9
4680 9
4681 9
4682 9
4683 9
4684 9
4685 9
4686 9
4687 9
4688 9
4689 9
4690 9
4691 9
4692 9
4693 9
4694 9
4695 9
4696 9
4697 9
4698 9
4699 9
4700 9
4701 9
4702 9
4703 9
4704 9
4705 9
4706 9
4707 9
4708 9
4709 9
4710 9
4711 9
4712 9
4713 9
4714 9
4715 9
4716 9
4717 9
4718 9
4719 9
4720 9
4721 9
4722 9
4723 9
4724 9
4725 9
4726 9
4727 9
4728 9
4729 9
4730 9
4731 9
4732 9
4733 9
4734 9
4735 9
4736 9
4737 9
4738 9
4739 9
4740 9
4741 9
4742 9
4743 9
4744 9
4745 9
4746 9
4747 9
4748 9
4749 9
4750 9
4751 9
4752 9
4753 9
4754 9
4755 9
4756 9
4757 9
4758 9
4759 9
4760 9
4761 9
4762 9
4763 9
4764 9
4765 9
4766 9
4767 9
4768 9
4769 9
4770 9
4771 9
4772 9
4773 9
4774 9
4775 9
4776 9
4777 9
4778 9
4779 9
4780 9
4781 9
4782 9
4783 9
4784 9
4785 9
4786 9
4787 9
4788 9
4789 9
4790 9
4791 9
4792 9
4793 9
4794 9
4795 9
4796 9
4797 9
4798 9
4799 9
4800 9
4801 9
4802 9
4803 9
4804 9
4805 9
4806 9
4807 9
4808 9
4809 9
4810 9
4811 9
4812 9
4813 9
4814 9
4815 9
4816 9
4817 9
4818 9
4819 9
4820 9
4821 9
4822 9
4823 9
4824 9
4825 9
4826 9
4827 9
4828 9
4829 9
4830 9
4831 9
4832 9
4833 9
4834 9
4835 9
4836 9
4837 9
4838 9
4839 9
4840 9
4841 9
4842 9
4843 9
4844 9
4845 9
4846 9
4847 9
4848 9
4849 9
4850 9
4851 9
4852 9
4853 9
4854 9
4855 9
4856 9
4857 9
4858 9
4859 9
4860 9
4861 9
4862 9
4863 9
4864 9
4865 9
4866 9
4867 9
4868 9
4869 9
4870 9
4871 9
4872 9
4873 9
4874 9
4875 9
4876 9
4877 9
4878 9
4879 9
4880 9
4881 9
4882 9
4883 9
4884 9
4885 9
4886 9
4887 9
4888 9
4889 9
4890 9
4891 9
4892 9
4893 9
4894 9
4895 9
4896 9
4897 9
4898 9
4899 9
4900 9
4901 9
4902 9
4903 9
4904 9
4905 9
4906 9
4907 9
4908 9
4909 9
4910 9
4911 9
4912 9
4913 9
4914 9
4915 9
4916 9
4917 9
4918 9
4919 9
4920 9
4921 9
4922 9
4923 9
4924 9
4925 9
4926 9
4927 9
4928 9
4929 9
4930 9
4931 9
4932 9
4933 9
4934 9
4935 9
4936 9
4937 9
4938 9
4939 9
4940 9
4941 9
4942 9
4943 9
4944 9
4945 9
4946 9
4947 9
4948 9
4949 9
4950 9
4951 9
4952 9
4953 9
4954 9
4955 9
4956 9
4957 9
4958 9
4959 9
4960 9
4961 9
4962 9
4963 9
4964 9
4965 9
4966 9
4967 9
4968 9
4969 9
4970 9
4971 9
4972 9
4973 9
4974 9
4975 9
4976 9
4977 9
4978 9
4979 9
4980 9
4981 9
4982 9
4983 9
4984 9
4985 9
4986 9
4987 9
4988 9
4989 9
4990 9
4991 9
4992 9
4993 9
4994 9
4995 9
4996 9
4997 9
4998 9
4999 9
5000 9
5001 9
5002 9
5003 9
5004 9
5005 9
5006 9
5007 9
5008 9
5009 9
5010 9
5011 9
5012 9
5013 9
5014 9
5015 9
5016 9
5017 9
5018 9
5019 9
5020 9
5021 9
5022 9
5023 9
5024 9
5025 9
5026 9
5027 9
5028 9
5029 9
5030 9
5031 9
5032 9
5033 9
5034 9
5035 9
5036 9
5037 9
5038 9
5039 9
5040 9
5041 9
5042 9
5043 9
5044 9
5045 9
5046 9
5047 9
5048 9
5049 9
5050 9
5051 9
5052 9
5053 9
5054 9
5055 9
5056 9
5057 9
5058 9
5059 9
5060 9
5061 9
5062 9
5063 9
5064 9
5065 9
5066 9
5067 9
5068 9
5069 9
5070 9
5071 9
5072 9
5073 9
5074 9
5075 9
5076 9
5077 9
5078 9
5079 9
5080 9
5081 9
5082 9
5083 9
5084 9
5085 9
5086 9
5087 9
5088 9
5089 9
5090 9
5091 9
5092 9
5093 9
5094 9
5095 9
5096 9
5097 9
5098 9
5099 9
5100 9
5101 9
5102 9
5103 9
5104 9
5105 9
5106 9
5107 9
5108 9
5109 9
5110 9
5111 9
5112 9
5113 9
5114 9
5115 9
5116 9
5117 9
5118 9
5119 9
5120 9
5121 9
5122 9
5123 9
5124 9
5125 9
5126 9
5127 9
5128 9
5129 9
5130 9
5131 9
5132 9
5133 9
5134 9
5135 9
5136 9
5137 9
5138 9
5139 9
5140 9
5141 9
5142 9
5143 9
5144 9
5145 9
5146 9
5147 9
5148 9
5149 9
5150 9
5151 9
5152 9
5153 9
5154 9
5155 9
5156 9
5157 9
5158 9
5159 9
5160 9
5161 9
5162 9
5163 9
5164 9
5165 9
5166 9
5167 9
5168 9
5169 9
5170 9
5171 9
5172 9
5173 9
5174 9
5175 9
5176 9
5177 9
5178 9
5179 9
5180 9
5181 9
5182 9
5183 9
5184 9
5185 9
5186 9
5187 9
5188 9
5189 9
5190 9
5191 9
5192 9
5193 9
5194 9
5195 9
5196 9
5197 9
5198 9
5199 9
5200 9
5201 9
5202 9
5203 9
5204 9
5205 9
5206 9
5207 9
5208 9
5209 9
5210 9
5211 9
5212 9
5213 9
5214 9
5215 9
5216 9
5217 9
5218 9
5219 9
5220 9
5221 9
5222 9
5223 9
5224 9
5225 9
5226 9
5227 9
5228 9
5229 9
5230 9
5231 9
5232 9
5233 9
5234 9
5235 9
5236 9
5237 9
5238 9
5239 9
5240 9
5241 9
5242 9
5243 9
5244 9
5245 9
5246 9
5247 9
5248 9
5249 9
5250 9
5251 9
5252 9
5253 9
5254 9
5255 9
5256 9
5257 9
5258 9
5259 9
5260 9
5261 9
5262 9
5263 9
5264 9
5265 9
5266 9
5267 9
5268 9
5269 9
5270 9
5271 9
5272 9
5273 9
5274 9
5275 9
5276 9
5277 9
5278 9
5279 9
5280 9
5281 9
5282 9
5283 9
5284 9
5285 9
5286 9
5287 9
5288 9
5289 9
5290 9
5291 9
5292 9
5293 9
5294 9
5295 9
5296 9
5297 9
5298 9
5299 9
5300 9
5301 9
5302 9
5303 9
5304 9
5305 9
5306 9
5307 9
5308 9
5309 9
5310 9
5311 9
5312 9
5313 9
5314 9
5315 9
5316 9
5317 9
5318 9
5319 9
5320 9
5321 9
5322 9
5323 9
5324 9
5325 9
5326 9
5327 9
5328 9
5329 9
5330 9
5331 9
5332 9
5333 9
5334 9
5335 9
5336 9
5337 9
5338 9
5339 9
5340 9
5341 9
5342 9
5343 9
5344 9
5345 9
5346 9
5347 9
5348 9
5349 9
5350 9
5351 9
5352 9
5353 9
5354 9
5355 9
5356 9
5357 9
5358 9
5359 9
5360 9
5361 9
5362 9
5363 9
5364 9
5365 9
5366 9
5367 9
5368 9
5369 9
5370 9
5371 9
5372 9
5373 9
5374 9
5375 9
5376 9
5377 9
5378 9
5379 9
5380 9
5381 9
5382 9
5383 9
5384 9
5385 9
5386 9
5387 9
5388 9
5389 9
5390 9
5391 9
5392 9
5393 9
5394 9
5395 9
5396 9
5397 9
5398 9
5399 9
5400 9
5401 9
5402 9
5403 9
5404 9
5405 9
5406 9
5407 9
5408 9
5409 9
5410 9
5411 9
5412 9
5413 9
5414 9
5415 9
5416 9
5417 9
5418 9
5419 9
5420 9
5421 9
5422 9
5423 9
5424 9
5425 9
5426 9
5427 9
5428 9
5429 9
5430 9
5431 9
5432 9
5433 9
5434 9
5435 9
5436 9
5437 9
5438 9
5439 9
5440 9
5441 9
5442 9
5443 9
5444 9
5445 9
5446 9
5447 9
5448 9
5449 9
5450 9
5451 9
5452 9
5453 9
5454 9
5455 9
5456 9
5457 9
5458 9
5459 9
5460 9
5461 9
5462 9
5463 9
5464 9
5465 9
5466 9
5467 9
5468 9
5469 9
5470 9
5471 9
5472 9
5473 9
5474 9
5475 9
5476 9
5477 9
5478 9
5479 9
5480 9
5481 9
5482 9
5483 9
5484 9
5485 9
5486 9
5487 9
5488 9
5489 9
5490 9
5491 9
5492 9
5493 9
5494 9
5495 9
5496 9
5497 9
5498 9
5499 9
5500 9
5501 9
5502 9
5503 9
5504 9
5505 9
5506 9
5507 9
5508 9
5509 9
5510 9
5511 9
5512 9
5513 9
5514 9
5515 9
5516 9
5517 9
5518 9
5519 9
5520 9
5521 9
5522 9
5523 9
5524 9
5525 9
5526 9
5527 9
5528 9
5529 9
5530 9
5531 9
5532 9
5533 9
5534 9
5535 9
5536 9
5537 9
5538 9
5539 9
5540 9
5541 9
5542 9
5543 9
5544 9
5545 9
5546 9
5547 9
5548 9
5549 9
5550 9
5551 9
5552 9
5553 9
5554 9
5555 9
5556 9
5557 9
5558 9
5559 9
5560 9
5561 9
5562 9
5563 9
5564 9
5565 9
5566 9
5567 9
5568 9
5569 9
5570 9
5571 9
5572 9
5573 9
5574 9
5575 9
5576 9
5577 9
5578 9
5579 9
5580 9
5581 9
5582 9
5583 9
5584 9
5585 9
5586 9
5587 9
5588 9
5589 9
5590 9
5591 9
5592 9
5593 9
5594 9
5595 9
5596 9
5597 9
5598 9
5599 9
5600 9
5601 9
5602 9
5603 9
5604 9
5605 9
5606 9
5607 9
5608 9
5609 9
5610 9
5611 9
5612 9
5613 9
5614 9
5615 9
5616 9
5617 9
5618 9
5619 9
5620 9
5621 9
5622 9
5623 9
5624 9
5625 9
5626 9
5627 9
5628 9
5629 9
5630 9
5631 9
5632 9
5633 9
5634 9
5635 9
5636 9
5637 9
5638 9
5639 9
5640 9
5641 9
5642 9
5643 9
5644 9
5645 9
5646 9
5647 9
5648 9
5649 9
5650 9
5651 9
5652 9
5653 9
5654 9
5655 9
5656 9
5657 9
5658 9
5659 9
5660 9
5661 9
5662 9
5663 9
5664 9
5665 9
5666 9
5667 9
5668 9
5669 9
5670 9
5671 9
5672 9
5673 9
5674 9
5675 9
5676 9
5677 9
5678 9
5679 9
5680 9
5681 9
5682 9
5683 9
5684 9
5685 9
5686 9
5687 9
5688 9
5689 9
5690 9
5691 9
5692 9
5693 9
5694 9
5695 9
5696 9
5697 9
5698 9
5699 9
5700 9
5701 9
5702 9
5703 9
5704 9
5705 9
5706 9
5707 9
5708 9
5709 9
5710 9
5711 9
5712 9
5713 9
5714 9
5715 9
5716 9
5717 9
5718 9
5719 9
5720 9
5721 9
5722 9
5723 9
5724 9
5725 9
5726 9
5727 9
5728 9
5729 9
5730 9
5731 9
5732 9
5733 9
5734 9
5735 9
5736 9
5737 9
5738 9
5739 9
5740 9
5741 9
5742 9
5743 9
5744 9
5745 9
5746 9
5747 9
5748 9
5749 9
5750 9
5751 9
5752 9
5753 9
5754 9
5755 9
5756 9
5757 9
5758 9
5759 9
5760 9
5761 9
5762 9
5763 9
5764 9
5765 9
5766 9
5767 9
5768 9
5769 9
5770 9
5771 9
5772 9
5773 9
5774 9
5775 9
5776 9
5777 9
5778 9
5779 9
5780 9
5781 9
5782 9
5783 9
5784 9
5785 9
5786 9
5787 9
5788 9
5789 9
5790 9
5791 9
5792 9
5793 9
5794 9
5795 9
5796 9
5797 9
5798 9
5799 9
5800 9
5801 9
5802 9
5803 9
5804 9
5805 9
5806 9
5807 9
5808 9
5809 9
5810 9
5811 9
5812 9
5813 9
5814 9
5815 9
5816 9
5817 9
5818 9
5819 9
5820 9
5821 9
5822 9
5823 9
5824 9
5825 9
5826 9
5827 9
5828 9
5829 9
5830 9
5831 9
5832 9
5833 9
5834 9
5835 9
5836 9
5837 9
5838 9
5839 9
5840 9
5841 9
5842 9
5843 9
5844 9
5845 9
5846 9
5847 9
5848 9
5849 9
5850 9
5851 9
5852 9
5853 9
5854 9
5855 9
5856 9
5857 9
5858 9
5859 9
5860 9
5861 9
5862 9
5863 9
5864 9
5865 9
5866 9
5867 9
5868 9
5869 9
5870 9
5871 9
5872 9
5873 9
5874 9
5875 9
5876 9
5877 9
5878 9
5879 9
5880 9
5881 9
5882 9
5883 9
5884 9
5885 9
5886 9
5887 9
5888 9
5889 9
5890 9
5891 9
5892 9
5893 9
5894 9
5895 9
5896 9
5897 9
5898 9
5899 9
5900 9
5901 9
5902 9
5903 9
5904 9
5905 9
5906 9
5907 9
5908 9
5909 9
5910 9
5911 9
5912 9
5913 9
5914 9
5915 9
5916 9
5917 9
5918 9
5919 9
5920 9
5921 9
5922 9
5923 9
5924 9
5925 9
5926 9
5927 9
5928 9
5929 9
5930 9
5931 9
5932 9
5933 9
5934 9
5935 9
5936 9
5937 9
5938 9
5939 9
5940 9
5941 9
5942 9
5943 9
5944 9
5945 9
5946 9
5947 9
5948 9
5949 9
5950 9
5951 9
5952 9
5953 9
5954 9
5955 9
5956 9
5957 9
5958 9
5959 9
5960 9
5961 9
5962 9
5963 9
5964 9
5965 9
5966 9
5967 9
5968 9
5969 9
5970 9
5971 9
5972 9
5973 9
5974 9
5975 9
5976 9
5977 9
5978 9
5979 9
5980 9
5981 9
5982 9
5983 9
5984 9
5985 9
5986 9
5987 9
5988 9
5989 9
5990 9
5991 9
5992 9
5993 9
5994 9
5995 9
5996 9
5997 9
5998 9
5999 9
6000 9
6001 9
6002 9
6003 9
6004 9
6005 9
6006 9
6007 9
6008 9
6009 9
6010 9
6011 9
6012 9
6013 9
6014 9
6015 9
6016 9
6017 9
6018 9
6019 9
6020 9
6021 9
6022 9
6023 9
6024 9
6025 9
6026 9
6027 9
6028 9
6029 9
6030 9
6031 9
6032 9
6033 9
6034 9
6035 9
6036 9
6037 9
6038 9
6039 9
6040 9
6041 9
6042 9
6043 9
6044 9
6045 9
6046 9
6047 9
6048 9
6049 9
6050 9
6051 9
6052 9
6053 9
6054 9
6055 9
6056 9
6057 9
6058 9
6059 9
6060 9
6061 9
6062 9
6063 9
6064 9
6065 9
6066 9
6067 9
6068 9
6069 9
6070 9
6071 9
6072 9
6073 9
6074 9
6075 9
6076 9
6077 9
6078 9
6079 9
6080 9
6081 9
6082 9
6083 9
6084 9
6085 9
6086 9
6087 9
6088 9
6089 9
6090 9
6091 9
6092 9
6093 9
6094 9
6095 9
6096 9
6097 9
6098 9
6099 9
6100 9
6101 9
6102 9
6103 9
6104 9
6105 9
6106 9
6107 9
6108 9
6109 9
6110 9
6111 9
6112 9
6113 9
6114 9
6115 9
6116 9
6117 9
6118 9
6119 9
6120 9
6121 9
6122 9
6123 9
6124 9
6125 9
6126 9
6127 9
6128 9
6129 9
6130 9
6131 9
6132 9
6133 9
6134 9
6135 9
6136 9
6137 9
6138 9
6139 9
6140 9
6141 9
6142 9
6143 9
6144 9
6145 9
6146 9
6147 9
6148 9
6149 9
6150 9
6151 9
6152 9
6153 9
6154 9
6155 9
6156 9
6157 9
6158 9
6159 9
6160 9
6161 9
6162 9
6163 9
6164 9
6165 9
6166 9
6167 9
6168 9
6169 9
6170 9
6171 9
6172 9
6173 9
6174 9
6175 9
6176 9
6177 9
6178 9
6179 9
6180 9
6181 9
6182 9
6183 9
6184 9
6185 9
6186 9
6187 9
6188 9
6189 9
6190 9
6191 9
6192 9
6193 9
6194 9
6195 9
6196 9
6197 9
6198 9
6199 9
6200 9
6201 9
6202 9
6203 9
6204 9
6205 9
6206 9
6207 9
6208 9
6209 9
6210 9
6211 9
6212 9
6213 9
6214 9
6215 9
6216 9
6217 9
6218 9
6219 9
6220 9
6221 9
6222 9
6223 9
6224 9
6225 9
6226 9
6227 9
6228 9
6229 9
6230 9
6231 9
6232 9
6233 9
6234 9
6235 9
6236 9
6237 9
6238 9
6239 9
6240 9
6241 9
6242 9
6243 9
6244 9
6245 9
6246 9
6247 9
6248 9
6249 9
6250 9
6251 9
6252 9
6253 9
6254 9
6255 9
6256 9
6257 9
6258 9
6259 9
6260 9
6261 9
6262 9
6263 9
6264 9
6265 9
6266 9
6267 9
6268 9
6269 9
6270 9
6271 9
6272 9
6273 9
6274 9
6275 9
6276 9
6277 9
6278 9
6279 9
6280 9
6281 9
6282 9
6283 9
6284 9
6285 9
6286 9
6287 9
6288 9
6289 9
6290 9
6291 9
6292 9
6293 9
6294 9
6295 9
6296 9
6297 9
6298 9
6299 9
6300 9
6301 9
6302 9
6303 9
6304 9
6305 9
6306 9
6307 9
6308 9
6309 9
6310 9
6311 9
6312 9
6313 9
6314 9
6315 9
6316 9
6317 9
6318 9
6319 9
6320 9
6321 9
6322 9
6323 9
6324 9
6325 9
6326 9
6327 9
6328 9
6329 9
6330 9
6331 9
6332 9
6333 9
6334 9
6335 9
6336 9
6337 9
6338 9
6339 9
6340 9
6341 9
6342 9
6343 9
6344 9
6345 9
6346 9
6347 9
6348 9
6349 9
6350 9
6351 9
6352 9
6353 9
6354 9
6355 9
6356 9
6357 9
6358 9
6359 9
6360 9
6361 9
6362 9
6363 9
6364 9
6365 9
6366 9
6367 9
6368 9
6369 9
6370 9
6371 9
6372 9
6373 9
6374 9
6375 9
6376 9
6377 9
6378 9
6379 9
6380 9
6381 9
6382 9
6383 9
6384 9
6385 9
6386 9
6387 9
6388 9
6389 9
6390 9
6391 9
6392 9
6393 9
6394 9
6395 9
6396 9
6397 9
6398 9
6399 9
6400 9
6401 9
6402 9
6403 9
6404 9
6405 9
6406 9
6407 9
6408 9
6409 9
6410 9
6411 9
6412 9
6413 9
6414 9
6415 9
6416 9
6417 9
6418 9
6419 9
6420 9
6421 9
6422 9
6423 9
6424 9
6425 9
6426 9
6427 9
6428 9
6429 9
6430 9
6431 9
6432 9
6433 9
6434 9
6435 9
6436 9
6437 9
6438 9
6439 9
6440 9
6441 9
6442 9
6443 9
6444 9
6445 9
6446 9
6447 9
6448 9
6449 9
6450 9
6451 9
6452 9
6453 9
6454 9
6455 9
6456 9
6457 9
6458 9
6459 9
6460 9
6461 9
6462 9
6463 9
6464 9
6465 9
6466 9
6467 9
6468 9
6469 9
6470 9
6471 9
6472 9
6473 9
6474 9
6475 9
6476 9
6477 9
6478 9
6479 9
6480 9
6481 9
6482 9
6483 9
6484 9
6485 9
6486 9
6487 9
6488 9
6489 9
6490 9
6491 9
6492 9
6493 9
6494 9
6495 9
6496 9
6497 9
6498 9
6499 9
6500 9
6501 9
6502 9
6503 9
6504 9
6505 9
6506 9
6507 9
6508 9
6509 9
6510 9
6511 9
6512 9
6513 9
6514 9
6515 9
6516 9
6517 9
6518 9
6519 9
6520 9
6521 9
6522 9
6523 9
6524 9
6525 9
6526 9
6527 9
6528 9
6529 9
6530 9
6531 9
6532 9
6533 9
6534 9
6535 9
6536 9
6537 9
6538 9
6539 9
6540 9
6541 9
6542 9
6543 9
6544 9
6545 9
6546 9
6547 9
6548 9
6549 9
6550 9
6551 9
6552 9
6553 9
6554 9
6555 9
6556 9
6557 9
6558 9
6559 9
6560 9
6561 9
6562 9
6563 9
6564 9
6565 9
6566 9
6567 9
6568 9
6569 9
6570 9
6571 9
6572 9
6573 9
6574 9
6575 9
6576 9
6577 9
6578 9
6579 9
6580 9
6581 9
6582 9
6583 9
6584 9
6585 9
6586 9
6587 9
6588 9
6589 9
6590 9
6591 9
6592 9
6593 9
6594 9
6595 9
6596 9
6597 9
6598 9
6599 9
6600 9
6601 9
6602 9
6603 9
6604 9
6605 9
6606 9
6607 9
6608 9
6609 9
6610 9
6611 9
6612 9
6613 9
6614 9
6615 9
6616 9
6617 9
6618 9
6619 9
6620 9
6621 9
6622 9
6623 9
6624 9
6625 9
6626 9
6627 9
6628 9
6629 9
6630 9
6631 9
6632 9
6633 9
6634 9
6635 9
6636 9
6637 9
6638 9
6639 9
6640 9
6641 9
6642 9
6643 9
6644 9
6645 9
6646 9
6647 9
6648 9
6649 9
6650 9
6651 9
6652 9
6653 9
6654 9
6655 9
6656 9
6657 9
6658 9
6659 9
6660 9
6661 9
6662 9
6663 9
6664 9
6665 9
6666 9
6667 9
6668 9
6669 9
6670 9
6671 9
6672 9
6673 9
6674 9
6675 9
6676 9
6677 9
6678 9
6679 9
6680 9
6681 9
6682 9
6683 9
6684 9
6685 9
6686 9
6687 9
6688 9
6689 9
6690 9
6691 9
6692 9
6693 9
6694 9
6695 9
6696 9
6697 9
6698 9
6699 9
6700 9
6701 9
6702 9
6703 9
6704 9
6705 9
6706 9
6707 9
6708 9
6709 9
6710 9
6711 9
6712 9
6713 9
6714 9
6715 9
6716 9
6717 9
6718 9
6719 9
6720 9
6721 9
6722 9
6723 9
6724 9
6725 9
6726 9
6727 9
6728 9
6729 9
6730 9
6731 9
6732 9
6733 9
6734 9
6735 9
6736 9
6737 9
6738 9
6739 9
6740 9
6741 9
6742 9
6743 9
6744 9
6745 9
6746 9
6747 9
6748 9
6749 9
6750 9
6751 10
6752 10
6753 10
6754 10
6755 10
6756 10
6757 10
6758 10
6759 10
6760 10
6761 10
6762 10
6763 10
6764 10
6765 10
6766 10
6767 10
6768 10
6769 10
6770 10
6771 10
6772 10
6773 10
6774 10
6775 10
6776 10
6777 10
6778 10
6779 10
6780 10
6781 10
6782 10
6783 10
6784 10
6785 10
6786 10
6787 10
6788 10
6789 10
6790 10
6791 10
6792 10
6793 10
6794 10
6795 10
6796 11
6797 11
6798 11
6799 11
6800 11
6801 11
6802 11
6803 11
6804 11
6805 11
6806 11
6807 11
6808 11
6809 11
6810 11
6811 11
6812 11
6813 11
6814 11
6815 11
6816 11
6817 11
6818 11
6819 11
6820 11
6821 11
6822 11
6823 11
6824 11
6825 11
6826 11
6827 11
6828 11
6829 11
6830 11
6831 11
6832 11
6833 11
6834 11
6835 11
6836 11
6837 11
6838 11
6839 11
6840 11
6841 11
6842 11
6843 11
6844 11
6845 11
6846 11
6847 11
6848 11
6849 11
6850 11
6851 11
6852 11
6853 11
6854 11
6855 11
6856 11
6857 11
6858 11
6859 11
6860 11
6861 11
6862 11
6863 11
6864 11
6865 11
6866 11
6867 11
6868 11
6869 11
6870 11
6871 11
6872 11
6873 11
6874 11
6875 11
6876 11
6877 11
6878 11
6879 11
6880 11
6881 11
6882 11
6883 11
6884 11
6885 11
6886 11
6887 11
6888 11
6889 11
6890 11
6891 11
6892 11
6893 11
6894 11
6895 11
6896 11
6897 11
6898 11
6899 11
6900 11
6901 11
6902 11
6903 11
6904 11
6905 11
6906 11
6907 11
6908 11
6909 11
6910 11
6911 11
6912 11
6913 11
6914 11
6915 11
6916 11
6917 11
6918 11
6919 11
6920 11
6921 11
6922 11
6923 11
6924 11
6925 11
6926 11
6927 11
6928 11
6929 12
6930 12
6931 12
6932 12
6933 12
6934 12
6935 12
6936 12
6937 12
6938 12
6939 12
6940 12
6941 12
6942 12
6943 12
6944 12
6945 12
6946 12
6947 12
6948 12
6949 12
6950 12
6951 12
6952 12
6953 12
6954 12
6955 12
6956 12
6957 12
6958 12
6959 12
6960 12
6961 12
6962 12
6963 12
6964 12
6965 12
6966 12
6967 12
6968 12
6969 12
6970 12
6971 12
6972 12
6973 12
6974 12
6975 12
6976 12
6977 12
6978 12
6979 12
6980 12
6981 12
6982 12
6983 12
6984 12
6985 12
6986 12
6987 12
6988 12
6989 12
6990 12
6991 13
6992 13
6993 13
6994 13
6995 13
6996 13
6997 13
6998 13
6999 13
7000 13
7001 14
7002 14
7003 14
7004 14
7005 14
7006 14
7007 14
7008 14
7009 14
7010 14
7011 14
7012 14
7013 14
7014 15
7015 15
7016 15
7017 15
7018 15
7019 15
7020 15
7021 15
7022 15
7023 15
7024 15
7025 15
7026 15
7027 16
7028 16
7029 16
7030 16
7031 16
7032 16
7033 16
7034 16
7035 16
7036 16
7037 17
7038 17
7039 17
7040 17
7041 17
7042 17
7043 17
7044 17
7045 17
7046 17
7047 17
7048 17
7049 17
7050 17
7051 17
7052 17
7053 17
7054 17
7055 17
7056 17
7057 17